R:  2,2                                R: 2,2	                                                      
R:  159,160                            R: 159, 160	                                                  
C:  99                                 C: 99	                                                        
R:  180,33                             R: 180,33	                                                    
C:  98                                 C: 98	                                                        
R:  163,53                             R: 163,53	                                                    
R:  7,54                               R: 7,54                              
R:  1,192                              R: 1,192	                                                    
R:  108,0                              R: 108,0	                                                    
R:  12,14,172,0,0                      R: 12,14,172,0,0                                                    
R:  26,46,12,98,2                      R: 26,46,12,98,2	                            
R:  30,200                             R: 30,200	                                  
R:  153,128,227                        R: 153,128,227	                                  
R:  158,91                             R: 158,91	                                                  
R:  8,134,220,204,201                  R: 8,134,220,204,201                                           
R:  158,219                            R: 158,219                                                   
R:  158,219                            R: 158,219                                                  
R:  8,141,185,153,145                  R: 8,141,185,153,145                                          
R:  161,25                             R: 161,25                                         
R:  80,2                               R: 80,2	                              
C:  102                                C: 102                                  
C:  98                                 C: 98                                     
C:  101                                C: 101                              
C:  98                                 C: 98                              
R:  80,0                               R: 80,0	                             
R:  158,91                             R: 158,91                               
R:  158,91                             R: 158,91                              
R:  8,134,220,204,201                  R: 8,134,220,204,201                   
R:  161,17                             R: 161,17                                
R:  110,39                             R: 110,39                              
R:  111,39                             R: 111,39                              
R:  16,1                               R: 16,1	                                       
R:  24,7                               R: 24,7	                               
R:  81,1                               R: 81,1	                              
R:  79,64                              R: 79,64	                              
R:  48,8,6,31,48                       R: 48,8,6,31,48 	                              
R:  79,65                              R: 79,65	                                  
R:  54,136,136,136,136                 R: 54,136,136,136,136             
R:  58,2                               R: 58,2	               
R:  58,2                               R: 58,2	     
R:  34,20                              R: 34,20	        
                                                                                                                                                                                                                                                                                                                                                                           
                                                                                                                                                                                                                                                                                                                                                                                                                                                                                                                                                